0.9 0.46
0.25 0.98
0.26 0.35
0.67 0.8
0.34 0.51
0.07 0.94
0.92 0.91
0.55 0.06
0.37 0.9
0.66 0.26
0.2 0.07
0.11 0.44
0.87 0.2
0.57 0.44
0.1 0.25
0.4 0.61
0.51 0.05
0.2 0.45
0.93 0.59
0.74 0.23
0.89 0.47
0.18 0.19
0.86 0.69
0.5 0.01
0.45 0.02
0.74 0.7
0.97 0.07
0.73 0.09
0.76 0.46
0.95 0.93
0.79 0.47
0.13 0.79
0.8 0.54
0.54 0.27
0.03 0.45
0.23 0.67
0.07 0.07
0.03 0.34
0.5 0.94
0.47 0.03
0.01 0.92
0.82 0.97
0.12 0.13
0.72 0.95
0.02 0.74
0.6 0.6
0.09 0.31
0.33 0.73
0.96 0.1
0.38 0.03
0.2 0.66
0.21 0.15
0.47 0.31
0.14 0.07
0.65 0.55
0.51 0.3
0.35 0.06
0.61 0.49
0.9 0.0
0.97 0.52
0.37 0.1
0.44 0.32
0.02 0.0
0.88 0.37
0.98 0.9
0.71 0.42
0.44 0.39
1.0 0.45
0.55 0.06
0.1 0.32
0.55 0.66
0.48 0.94
0.25 0.62
0.1 0.94
0.1 0.81
0.65 0.09
0.53 0.3
0.9 0.9
0.51 0.54
0.81 0.29
0.81 0.74
0.6 0.77
0.98 0.06
0.93 0.87
0.64 0.48
0.65 0.08
0.7 0.65
0.96 0.59
0.21 0.51
0.16 0.57
0.44 0.37
0.63 0.46
0.69 0.19
0.46 0.43
0.65 0.79
0.88 0.04
0.12 0.73
0.73 0.95
0.37 0.23
0.45 0.79
0.91 0.13
0.46 0.27
0.23 0.08
0.22 0.22
0.42 0.02
0.08 0.17
0.28 0.72
0.38 0.94
0.26 0.61
0.52 0.26
0.22 0.61
0.95 0.67
0.58 0.02
0.81 0.42
0.69 0.27
0.53 0.74
0.12 1.0
0.77 0.99
0.96 0.58
0.14 0.77
0.86 0.96
0.7 0.37
0.72 0.7
0.3 0.46
0.74 0.1
0.06 0.8
0.05 0.75
0.28 0.26
0.88 0.42
0.12 0.55
0.52 0.39
0.37 0.34
0.47 0.16
0.1 0.79
0.15 0.71
0.63 0.84
0.43 0.61
0.35 0.97
0.83 0.52
0.13 0.17
0.02 0.94
0.52 0.18
0.04 0.7
0.95 0.19
0.38 0.01
0.37 0.72
0.34 0.13
0.33 0.97
0.62 0.36
0.49 0.09
0.7 0.14
0.39 0.04
0.95 0.12
0.99 0.47
0.21 0.91
0.99 0.41
0.41 0.46
0.79 0.2
0.2 0.19
0.21 0.06
0.1 0.15
0.91 0.66
0.31 0.43
0.28 0.99
0.2 0.21
0.74 0.89
0.97 0.92
0.8 0.22
0.66 0.77
0.84 0.61
0.78 0.64
0.15 0.73
0.15 0.6
0.72 0.87
0.74 0.34
0.83 0.88
0.32 0.51
0.25 0.88
0.92 0.97
0.14 1.0
0.05 0.32
0.51 0.55
0.57 0.6
0.78 0.13
0.35 0.95
0.4 0.98
0.72 0.44
0.67 0.39
0.91 0.33
0.73 0.54
0.85 0.54
0.02 0.17
0.6 0.06
0.46 0.9
0.85 0.18
0.09 0.86
0.19 0.44
0.84 0.67
0.25 0.3
0.46 0.14
0.29 0.68
0.96 0.9
0.28 0.94
0.88 0.7
0.01 0.69
0.22 0.47
0.37 0.28
0.5 0.43
0.2 0.11
0.68 0.62
0.72 1.0
0.47 0.85
0.4 0.61
0.11 0.38
0.67 0.17
0.93 0.67
0.34 0.69
0.78 0.92
0.42 0.1
0.63 0.27
0.47 0.03
0.83 0.38
0.43 0.75
0.64 0.08
0.76 0.19
0.1 0.74
0.55 0.44
0.48 0.6
0.43 0.16
0.36 0.57
1.0 0.47
0.65 0.57
0.4 0.38
0.91 0.31
0.01 0.29
0.3 0.84
0.18 0.52
0.17 0.72
0.36 0.87
0.92 0.84
0.14 0.53
0.45 0.68
0.1 0.19
0.48 0.5
0.48 0.15
0.18 0.96
0.82 0.81
0.6 0.22
0.27 0.6
0.49 0.55
0.87 1.0
0.86 0.9
0.75 0.48
0.59 0.65
0.24 0.83
0.7 0.86
0.7 0.29
0.01 0.25
0.19 0.08
0.64 0.08
0.88 0.45
0.64 0.86
0.28 0.93
0.67 0.06
0.91 0.44
0.86 0.36
0.06 0.32
0.95 0.92
0.12 0.23
0.03 0.69
0.19 0.39
0.06 0.15
0.38 0.21
0.96 0.01
0.0 0.41
0.47 0.2
0.72 0.0
0.81 0.18
0.16 0.84
0.42 0.83
0.61 0.01
0.86 0.35
0.63 0.58
0.45 0.92
0.9 0.04
0.5 0.8
0.32 0.96
0.97 0.64
0.17 0.0
0.18 0.5
0.11 0.6
0.99 0.09
0.74 0.45
0.58 0.42
0.74 0.74
0.65 0.37
0.59 0.17
0.32 0.22
0.13 0.63
0.99 0.96
0.49 0.31
0.78 0.2
0.02 0.18
0.38 0.92
0.57 0.0
0.66 0.25
0.83 0.52
0.51 0.59
0.78 0.13
0.3 0.91
0.68 0.07
0.62 0.25
0.05 0.44
0.61 0.45
0.36 0.22
0.58 0.99
0.87 0.75
0.2 0.32
0.79 0.59
0.49 0.46
0.48 0.54
0.36 0.69
0.57 0.53
0.11 0.94
0.38 0.52
0.5 0.93
0.46 0.09
0.1 0.48
0.8 0.55
0.41 0.83
0.5 0.49
0.64 0.12
0.47 0.59
0.92 0.41
0.57 0.16
0.38 0.41
0.31 0.07
0.17 0.79
0.7 0.16
0.24 0.1
0.9 0.23
0.46 0.84
0.48 0.93
0.34 0.17
0.93 0.13
0.38 0.18
0.46 0.32
0.77 0.9
0.47 0.22
0.95 0.55
0.45 0.59
0.42 0.45
0.23 0.93
0.63 0.81
0.74 0.33
0.56 0.13
0.08 0.08
0.44 0.77
0.87 0.44
0.01 0.27
0.88 0.34
0.54 0.06
0.21 0.49
0.14 0.36
0.23 0.75
0.6 0.21
0.46 0.66
0.2 0.43
0.03 0.08
0.74 0.92
0.58 0.77
0.14 0.47
0.35 0.55
0.8 0.87
0.41 0.33
0.74 0.81
0.41 0.58
0.46 0.96
0.95 0.23
0.75 0.63
0.25 0.3
0.99 0.22
0.16 0.92
0.81 0.95
0.99 0.81
0.98 0.43
0.49 0.05
0.14 0.88
0.84 0.39
0.81 0.54
0.02 0.0
0.77 0.42
0.37 0.8
0.55 0.79
0.47 0.28
0.69 0.3
0.95 0.66
0.02 0.37
0.15 0.8
0.65 0.05
0.54 0.91
0.15 0.02
0.68 0.82
0.39 0.23
0.88 0.76
0.75 0.87
0.95 0.03
0.42 0.69
0.13 0.88
0.99 0.24
0.62 0.38
0.54 0.52
0.83 0.34
0.0 0.95
0.97 0.56
0.41 0.88
0.18 0.5
0.01 0.69
0.66 0.98
0.57 0.17
0.22 0.69
0.6 0.34
0.68 0.61
0.51 0.77
0.53 0.64
0.81 0.48
0.09 0.42
0.4 0.53
0.65 0.02
0.14 0.06
0.7 0.57
0.9 0.75
0.68 0.53
0.9 0.94
0.78 0.2
0.86 0.17
0.96 0.8
0.83 0.93
0.39 0.11
0.75 0.67
0.51 0.44
0.89 0.53
0.06 0.45
0.86 0.05
0.63 0.98
0.86 0.51
1.0 0.54
0.45 0.31
0.18 0.59
0.46 0.48
0.67 0.77
0.41 0.36
0.37 0.41
0.63 0.84
0.82 0.85
0.0 0.53
0.02 0.06
0.96 0.72
0.42 0.16
0.05 0.37
0.71 0.59
0.79 0.99
0.5 0.56
0.92 0.84
0.44 0.65
0.11 0.46
0.37 1.0
0.71 0.72
0.1 0.04
0.63 0.18
0.78 0.75
0.49 0.98
0.52 0.6
0.65 0.55
0.97 0.14
0.05 0.66
0.95 0.31
0.49 0.59
0.19 0.91
0.41 0.19
0.03 0.56
0.23 0.33
0.95 0.87
0.14 0.91
0.16 0.25
0.68 0.1
0.3 0.55
0.97 0.76
0.76 0.34
0.09 0.13
0.15 0.77
0.02 0.89
0.4 0.72
0.09 0.3
0.69 0.91
0.14 0.02
0.4 0.53
0.91 0.19
0.15 0.97
0.21 0.63
0.06 0.66
0.69 0.68
0.18 0.6
0.06 0.81
0.45 0.77
0.73 0.74
0.81 0.49
0.73 0.54
0.39 0.85
0.51 0.77
0.19 0.09
0.86 0.46
0.21 0.36
0.58 0.49
0.06 0.95
0.71 0.64
0.76 0.87
0.98 0.02
0.33 0.87
0.09 0.19
0.66 0.68
0.22 0.75
0.88 0.73
0.34 0.49
0.51 0.49
0.58 0.07
0.75 0.27
0.01 0.47
0.03 0.28
1.0 0.7
0.26 0.29
0.49 0.8
0.85 0.81
0.12 0.7
0.34 0.51
0.8 0.44
0.65 0.28
0.7 0.36
0.07 0.95
0.27 0.66
0.56 0.19
0.4 0.89
0.42 0.52
0.06 0.06
0.15 0.91
0.16 0.38
0.81 0.01
0.92 0.13
0.35 0.04
0.41 0.06
0.94 0.22
0.19 0.19
0.77 0.87
0.32 0.91
0.44 0.75
0.03 1.0
0.36 0.83
0.39 0.77
0.47 0.15
0.81 0.37
0.65 0.3
0.29 0.36
0.73 0.06
0.44 0.18
0.77 0.8
0.21 0.85
0.81 0.95
0.05 0.02
0.91 0.11
0.69 0.62
0.79 0.9
0.22 0.82
0.29 0.9
0.34 0.53
0.67 0.61
0.8 0.21
0.36 0.97
0.56 0.63
0.73 0.08
0.78 0.85
0.35 0.07
0.53 0.9
0.64 0.05
0.09 0.99
0.78 0.24
0.3 0.65
0.43 0.33
0.34 0.71
0.31 0.23
0.25 0.75
0.32 0.1
0.31 0.11
0.72 0.58
0.93 0.79
0.23 0.12
0.17 0.12
0.12 0.96
0.67 0.13
0.82 0.05
0.94 0.12
0.6 0.31
0.47 0.07
0.44 0.01
0.53 0.69
0.61 0.03
0.03 0.09
0.7 0.14
0.85 0.37
0.33 0.38
0.14 0.92
0.6 0.57
0.28 0.49
0.32 0.7
1.0 0.57
0.31 0.8
0.85 0.07
0.12 0.39
0.55 0.87
0.71 0.05
0.15 0.01
0.74 0.46
0.95 0.98
0.68 0.96
0.04 0.76
0.82 0.02
0.93 1.0
0.68 0.38
0.04 0.59
0.46 0.4
0.08 0.88
0.6 0.28
0.64 0.42
0.99 0.73
0.92 0.07
0.26 0.11
0.57 0.67
0.49 0.71
0.6 0.87
0.04 0.42
0.75 0.91
0.39 0.25
0.24 0.11
0.02 0.91
0.82 0.05
0.31 0.36
0.54 0.82
0.18 0.52
0.42 0.1
0.38 0.4
0.08 0.99
0.5 0.47
0.64 0.09
0.33 0.95
0.83 0.0
0.42 0.08
0.1 0.23
0.52 0.14
0.16 0.66
0.49 0.88
0.47 0.94
0.13 0.99
0.08 0.62
0.3 0.14
0.3 0.98
0.68 0.79
0.75 0.11
0.22 0.14
0.35 0.02
0.17 0.2
0.06 0.13
0.04 0.53
0.65 0.21
0.72 0.29
0.63 0.03
0.98 0.01
0.76 0.65
0.05 0.49
0.05 0.03
0.28 0.04
0.81 0.87
0.77 0.1
0.21 0.49
0.02 0.57
0.82 0.36
0.76 0.13
0.82 0.03
0.99 0.45
0.78 0.09
0.41 0.88
0.27 0.5
0.0 0.4
0.28 0.87
0.72 0.02
0.73 0.04
0.81 0.42
0.56 0.11
0.87 0.58
0.37 0.76
0.88 0.81
0.02 0.47
0.26 0.69
0.81 0.05
0.15 0.51
0.87 0.64
0.11 0.94
0.58 0.63
0.54 0.46
0.7 0.95
0.33 0.01
0.88 0.37
0.11 0.01
0.04 0.8
0.16 0.02
0.06 0.75
0.96 0.27
0.95 0.74
0.01 0.78
0.17 0.17
0.97 0.97
0.39 0.4
0.82 0.92
0.75 0.74
0.78 0.11
0.23 0.3
0.05 0.38
0.05 0.97
0.31 0.1
0.76 0.46
0.31 0.01
0.67 0.25
0.36 0.5
0.14 0.0
0.31 0.57
0.52 0.61
0.21 0.81
0.13 0.41
0.31 0.48
1.0 0.64
0.37 0.39
0.55 0.9
0.71 0.81
0.31 0.64
0.57 0.62
0.03 0.01
0.18 0.62
0.22 0.43
0.37 0.93
0.09 0.77
0.8 0.18
0.09 0.72
0.19 0.42
0.54 0.08
0.23 0.88
0.56 0.23
1.0 0.97
0.95 0.01
0.82 0.43
0.03 0.56
0.35 0.51
0.37 0.09
0.93 0.48
0.74 0.02
0.28 0.18
0.46 0.78
0.33 0.24
0.33 0.31
0.14 0.01
0.52 0.15
0.15 0.31
0.81 0.74
0.21 0.17
0.63 0.02
0.28 0.47
0.64 0.68
0.98 0.02
0.56 0.9
0.39 0.44
0.3 0.43
0.5 0.66
0.12 0.7
0.36 0.93
0.88 0.18
0.67 0.45
0.33 0.9
0.53 0.48
0.96 0.65
0.55 0.32
0.45 0.89
0.35 0.14
0.08 0.43
0.43 0.31
1.0 0.36
0.3 0.62
0.48 0.14
0.85 0.63
0.48 0.74
0.1 0.03
0.37 0.96
0.96 0.98
0.33 0.72
0.27 1.0
0.6 0.14
0.18 0.27
0.03 0.0
1.0 0.38
0.94 0.9
0.06 0.34
0.02 0.59
0.84 0.09
0.51 0.41
0.82 0.3
0.48 0.01
0.03 0.28
0.48 0.07
0.34 0.22
0.45 0.69
0.12 0.81
0.75 0.25
0.89 0.11
0.26 0.01
0.84 0.03
0.78 0.99
0.59 0.1
0.41 0.21
0.01 0.62
0.35 0.21
0.22 0.53
0.04 0.39
0.54 0.54
0.83 0.78
0.77 0.15
0.52 0.78
0.39 0.42
0.16 0.93
0.91 0.78
0.18 0.49
0.53 0.86
0.17 0.58
0.73 0.44
0.84 0.02
0.81 0.06
0.35 0.21
0.23 0.04
0.4 0.76
0.95 0.43
0.21 0.88
0.22 0.33
0.85 0.34
0.17 0.9
0.4 0.71
0.66 0.71
0.97 0.55
0.3 0.15
0.46 0.11
0.81 0.64
0.24 0.88
0.39 0.77
0.71 0.54
0.47 0.25
0.53 0.86
0.3 0.88
0.88 0.38
0.47 0.68
0.21 0.29
0.34 0.12
0.45 0.47
0.91 0.22
0.25 0.0
0.02 0.59
0.87 0.6
0.25 1.0
0.28 0.68
0.83 0.68
0.45 0.68
0.16 0.01
0.79 0.77
0.76 0.63
0.74 0.54
0.26 0.8
0.73 0.62
0.33 0.62
0.9 0.82
0.68 0.73
0.77 0.01
0.94 0.71
0.59 0.79
0.42 0.2
0.85 0.63
